3 1 1 1 3 3 3 3 3 26 1 3 3 3 1 1 3 3 3 3 1 3 1 3 3 3 3 10 3 3 3 1 3 1 3 1 1 3 3 1 3 3
587 114 714 282
330 796 409 836
431 72 539 112
344 945 416 971
338 526 413 619
428 264 522 370
608 1023 725 1196
220 707 276 771
397 354 485 472
263 889 284 925
667 344 786 401
353 358 420 459
494 617 660 775
227 587 284 652
280 819 330 847
423 9 535 84
384 252 464 355
162 733 186 782
211 677 252 730
215 573 266 623
696 1133 796 1200
177 731 220 785
634 0 762 34
229 449 281 520
482 160 594 297
183 652 225 703
380 683 469 783
189 974 310 1024
312 320 380 405
195 778 243 834
255 331 288 356
286 893 334 911
327 431 399 511
416 1034 494 1077
430 631 538 747
471 2 551 48
270 775 330 806
132 699 157 736
114 677 143 716
200 358 261 381
153 627 197 678
111 557 129 579